-101 -0.2006 -0.0231 -0.1079  0.0468 -0.1260  0.0000
-201 -0.0002  0.1070 -0.0827 -0.0969  0.1377  0.0000
-701 -0.0059 -0.0328 -0.1904  0.0989 -0.2896  0.0000
-801 -0.2069  0.1676  0.2221 -0.1662 -0.0066  0.0000
 101  0.0498 -0.0410 -0.1668 -0.3422  0.1084  0.0000
 801 -0.0186  0.0750  0.3493 -0.0415 -0.2275  0.0000
-102 -0.1156 -0.0018 -0.1303 -0.0332 -0.0464  0.0000
-202  0.0481 -0.0513 -0.0347  0.1206  0.1131  0.0000
-302  0.1059 -0.0729  0.0481 -0.0416  0.0544  0.0000
-602 -0.0984 -0.1592 -0.2970  0.0021 -0.1220  0.0000
-702 -0.0350 -0.0113 -0.2912  0.0615 -0.2144  0.0000
-802 -0.1107  0.1383  0.1892  0.0178 -0.0585  0.0000
 102 -0.0216 -0.0140 -0.1854 -0.2088  0.1315  0.0000
 802  0.0226  0.0714  0.3718 -0.1571 -0.2341  0.0000
-103 -0.1396  0.0940 -0.0964 -0.0443  0.0493  0.0000
-203 -0.0180 -0.0651 -0.0385  0.0335  0.1036  0.0000
-303  0.0831 -0.1061  0.1918 -0.0436  0.1870  0.0000
-403 -0.0183  0.1249  0.0618 -0.1597 -0.0683  0.0000
-503  0.0897  0.0244  0.2151 -0.2607  0.0929  0.0000
-603  0.0315 -0.0545 -0.2693 -0.2005  0.1455  0.0000
-703 -0.0159  0.1418 -0.1358 -0.1976  0.2117  0.0000
-803 -0.1388  0.0767  0.2533 -0.1155  0.0674  0.0000
 103  0.0131  0.0357 -0.2491 -0.0627  0.1676  0.0000
 203  0.2277  0.0278 -0.1420 -0.0058  0.0304  0.0000
 303  0.1348  0.1726  0.0261  0.0034  0.1311  0.0000
 403  0.1766  0.0962  0.1335  0.0604 -0.0015  0.0000
 503  0.1038  0.0009  0.2229  0.1284 -0.0493  0.0000
 603 -0.0495 -0.1714 -0.2451 -0.0288 -0.1146  0.0000
 703  0.0511 -0.0004 -0.0616  0.0729 -0.3140  0.0000
 803 -0.0392  0.0219  0.4272 -0.1321 -0.2857  0.0000
-104 -0.1617  0.0893 -0.1451  0.0007 -0.0699  0.0000
-204  0.0551 -0.1141 -0.0341  0.3418  0.0815  0.0000
-304  0.0608 -0.1932  0.2532  0.1218  0.1806  0.0000
-404  0.0802 -0.0366  0.0763  0.0938 -0.0263  0.0000
-504  0.0129 -0.2001  0.2565 -0.0607  0.0606  0.0000
-604 -0.0363 -0.0520 -0.2342 -0.1472  0.1917  0.0000
-704 -0.0957  0.0371 -0.0361 -0.0497  0.3208  0.0000
-804 -0.1639  0.1310  0.2010 -0.0164  0.0244  0.0000
 104 -0.0510  0.1175 -0.2469  0.0732  0.1964  0.0000
 204  0.1538  0.0460 -0.1426 -0.0764  0.0681  0.0000
 304  0.0048 -0.0530  0.0887  0.1218  0.0582  0.0000
 404  0.2231  0.0604  0.0735  0.0790  0.0852  0.0000
 504 -0.0631 -0.2364  0.2565 -0.1249 -0.0777  0.0000
 604 -0.0689 -0.2169 -0.1846 -0.0703 -0.2993  0.0000
 704  0.0633  0.0725 -0.0049 -0.0672 -0.3605  0.0000
 804  0.0960  0.1264  0.3714  0.1082 -0.2101  0.0000
-105 -0.2044 -0.0354 -0.1509  0.1021 -0.0668  0.0000
-205 -0.0695 -0.0422 -0.0183 -0.0719  0.0697  0.0000
-305  0.1234 -0.0541  0.2469 -0.1172  0.0809  0.0000
-405 -0.2194  0.1114  0.0213 -0.1286 -0.1975  0.0000
-505  0.0327 -0.1315  0.2267 -0.0539 -0.0067  0.0000
-605  0.0209 -0.0979 -0.2509 -0.0927  0.2044  0.0000
-705 -0.1082  0.0506 -0.0410 -0.0259  0.3433  0.0000
-805 -0.0436  0.0341  0.2017 -0.0604  0.0380  0.0000
 105  0.0480  0.0530 -0.1692  0.0802  0.0334  0.0000
 205  0.1066  0.2019 -0.1258  0.2516  0.0680  0.0000
 305 -0.0313 -0.0907  0.1154  0.0091  0.0543  0.0000
 405  0.1321 -0.0623  0.1410 -0.0916 -0.0104  0.0000
 505 -0.0499 -0.1231  0.2837 -0.0151 -0.0531  0.0000
 605 -0.0736 -0.2076 -0.1889 -0.0070 -0.2838  0.0000
 705  0.0881 -0.0027  0.0148  0.0305 -0.3884  0.0000
 805  0.0684 -0.0333  0.3535 -0.0690 -0.1559  0.0000
-106 -0.1442 -0.0209 -0.0794  0.1316  0.0398  0.0000
-206  0.0242 -0.0282 -0.0616  0.0536 -0.0377  0.0000
-306  0.0341 -0.1185  0.2391  0.0276  0.0456  0.0000
-406 -0.0850  0.0618  0.0534 -0.0744 -0.1382  0.0000
-506 -0.1252  0.0753  0.1627  0.1563 -0.1045  0.0000
-606 -0.1342  0.2866 -0.2532 -0.1735  0.1806  0.0000
-706 -0.1540  0.0352 -0.0573 -0.0948  0.2858  0.0000
-806 -0.0812 -0.0550  0.1479  0.1617 -0.0493  0.0000
 106  0.0209  0.0340 -0.1616  0.1520  0.0376  0.0000
 206  0.1034 -0.0344 -0.1310 -0.1126  0.0920  0.0000
 306  0.0326  0.0087  0.1280  0.1382  0.0892  0.0000
 406  0.1581 -0.1182  0.1256 -0.2018  0.0382  0.0000
 506  0.0820  0.1366  0.3521 -0.0309 -0.2105  0.0000
 606 -0.0180  0.1604 -0.1841 -0.0211 -0.2827  0.0000
 706  0.2132  0.0483 -0.0471  0.1185 -0.3046  0.0000
 806  0.0175  0.0882  0.3273  0.0772 -0.0972  0.0000
-107 -0.1969  0.0604 -0.1243  0.1664 -0.0080  0.0000
-207  0.0140 -0.0479 -0.0696  0.1800 -0.0088  0.0000
-307  0.1304 -0.2020  0.2703  0.0907  0.0532  0.0000
-407 -0.1861  0.1208  0.0552 -0.1217 -0.1064  0.0000
-507 -0.1462  0.2078  0.1801 -0.1006 -0.0658  0.0000
-607 -0.1023  0.1434 -0.2723  0.0397  0.1980  0.0000
-707 -0.0654 -0.1026 -0.0809  0.1161  0.2471  0.0000
 107  0.0055  0.0581 -0.1262  0.0127  0.0136  0.0000
 207  0.1725  0.0770 -0.1470 -0.0262  0.1285  0.0000
 307  0.0029 -0.0904  0.0900  0.0765  0.1509  0.0000
 407  0.1575  0.0051  0.1458  0.0164 -0.0129  0.0000
 507  0.0960  0.1772  0.3993 -0.0394 -0.2198  0.0000
 607  0.0675  0.0164 -0.2136 -0.1319 -0.2228  0.0000
 707  0.1221  0.0884 -0.0511  0.2253 -0.3261  0.0000
 807  0.0346  0.0308  0.3457  0.0474 -0.1160  0.0000
-108 -0.1941  0.0445 -0.1457  0.0431 -0.0168  0.0000
-808 -0.1493  0.0462  0.1384 -0.0215 -0.1188  0.0000
 108 -0.0464  0.0748 -0.1401  0.1903  0.0118  0.0000
 808  0.0771 -0.0087  0.3240  0.0164 -0.0916  0.0000
-109 -0.1836 -0.0669 -0.1359  0.1978  0.0102  0.0000
-209 -0.0228  0.0819 -0.0995 -0.1915 -0.0104  0.0000
-309  0.0561 -0.0363  0.2131  0.2625 -0.0152  0.0000
-409 -0.1179  0.0190  0.0650  0.0571 -0.0705  0.0000
-509 -0.1558 -0.1754  0.1793 -0.0362 -0.0954  0.0000
-609 -0.1479 -0.0618 -0.2697 -0.1115  0.1564  0.0000
-709 -0.0576  0.0276 -0.1067 -0.0427  0.2295  0.0000
-809 -0.0745 -0.1486  0.1291  0.2148 -0.0766  0.0000
 109  0.0292  0.0395 -0.1446  0.1347  0.0212  0.0000
 209  0.1164  0.0701 -0.1606 -0.0501  0.1441  0.0000
 309  0.1486 -0.1174  0.0937 -0.0099  0.1945  0.0000
 409  0.0580 -0.1678  0.1183 -0.2902  0.0264  0.0000
 509 -0.0404 -0.1194  0.3107  0.1009 -0.0307  0.0000
 609  0.0537 -0.2029 -0.2538  0.0355 -0.2448  0.0000
 709  0.0940 -0.1497 -0.1084 -0.0121 -0.2191  0.0000
 809  0.0528  0.0425  0.3056 -0.0312 -0.0892  0.0000
-110 -0.2042 -0.0645 -0.1961 -0.0583 -0.0563  0.0000
-210 -0.0313 -0.0245 -0.0639  0.1820 -0.0777  0.0000
-310  0.1041 -0.1107  0.2557  0.2137  0.0097  0.0000
-410 -0.1055 -0.1474  0.0778  0.2813 -0.0520  0.0000
-510 -0.1104 -0.1670  0.1478 -0.0670 -0.1375  0.0000
-610  0.0264  0.0810 -0.2664  0.1440  0.1994  0.0000
-710  0.0007  0.0614 -0.0984 -0.1509  0.2553  0.0000
-810 -0.0655  0.0499  0.1019 -0.0040 -0.0710  0.0000
 110  0.0132  0.0588 -0.1242 -0.0343 -0.0456  0.0000
 210  0.1473  0.0010 -0.1494 -0.0403  0.1518  0.0000
 310  0.1778  0.0767  0.0825  0.2305  0.2164  0.0000
 510  0.0440 -0.2363  0.3382 -0.0311 -0.0768  0.0000
 610 -0.0822  0.1791 -0.2653  0.0616 -0.1881  0.0000
 710  0.0850  0.0676 -0.1095  0.2294 -0.2978  0.0000
 810 -0.0122  0.1442  0.2608  0.1259 -0.0536  0.0000
-111 -0.2342 -0.1177 -0.2281  0.1303 -0.0929  0.0000
-211 -0.0617 -0.0773 -0.1027  0.2027 -0.0691  0.0000
-311  0.0542 -0.0016  0.1959  0.1952 -0.0694  0.0000
-411 -0.1461  0.1306  0.0343 -0.1500 -0.1476  0.0000
-511 -0.1448 -0.1067  0.1624 -0.1131 -0.1217  0.0000
-611  0.0027  0.2829 -0.2723 -0.1448  0.1086  0.0000
-711 -0.0406 -0.0251 -0.0332 -0.1197  0.3612  0.0000
-811 -0.1356 -0.1151  0.1410  0.1807 -0.0043  0.0000
 111  0.0108  0.1052 -0.1648  0.1857 -0.0166  0.0000
 211  0.1046  0.1313 -0.1414  0.0970  0.1677  0.0000
 311  0.1305 -0.1762  0.0993 -0.3413  0.2259  0.0000
 411 -0.0356 -0.0875  0.1204 -0.0766  0.0047  0.0000
 511  0.0119 -0.1696  0.1560  0.0767  0.1064  0.0000
 611 -0.1378  0.1227 -0.3281  0.0677 -0.0960  0.0000
 711  0.0940 -0.0501 -0.1720  0.0447 -0.1705  0.0000
 811 -0.0024  0.0373  0.2744 -0.0479 -0.1213  0.0000
-112 -0.1721 -0.0510 -0.2539  0.2040 -0.1085  0.0000
-212 -0.0528  0.0052 -0.1354 -0.0459 -0.1935  0.0000
-312  0.0442 -0.0319  0.1655  0.1900 -0.1179  0.0000
-412 -0.1524  0.0362  0.0099 -0.0850 -0.1808  0.0000
-512  0.0151  0.0246  0.1542  0.1028 -0.1576  0.0000
-612  0.0070  0.2265 -0.2217 -0.1320  0.1487  0.0000
-712 -0.0939 -0.0296 -0.0390 -0.0428  0.3286  0.0000
-812 -0.1647 -0.0123  0.1448 -0.0221 -0.0120  0.0000
 112 -0.0738  0.0826 -0.2123  0.0759  0.0874  0.0000
 212  0.2631  0.1614 -0.1111  0.1796  0.1276  0.0000
 312  0.2355  0.0203  0.1286  0.1690  0.2070  0.0000
 412  0.0664 -0.1597  0.1606 -0.0978 -0.0531  0.0000
 512 -0.0741  0.1159  0.3849  0.0203 -0.1412  0.0000
 612 -0.0968  0.0734 -0.3247 -0.0198 -0.1004  0.0000
 712  0.1630 -0.1017 -0.1773 -0.0402 -0.1943  0.0000
 812  0.0400  0.0435  0.2854  0.0770 -0.1109  0.0000
-113 -0.2583 -0.0035 -0.2897  0.0651 -0.0656  0.0000
-213 -0.0241 -0.0283 -0.1136 -0.1614 -0.1524  0.0000
-313  0.0607  0.0418  0.1813  0.2464 -0.1266  0.0000
-413 -0.0536 -0.0936  0.0162  0.0629 -0.1954  0.0000
-513  0.0366  0.1250  0.1030 -0.0518 -0.2189  0.0000
-613  0.0218  0.1275 -0.1215  0.0610  0.2649  0.0000
-713 -0.0220 -0.1008 -0.0568 -0.1103  0.2441  0.0000
-813 -0.0853  0.0421  0.1306 -0.1360 -0.0229  0.0000
 113  0.0140  0.1197 -0.2743  0.1597  0.0791  0.0000
 213  0.1879  0.2046 -0.0496  0.2866  0.0493  0.0000
 313  0.2503 -0.0211  0.2037  0.3212  0.0994  0.0000
 413  0.0538 -0.0094  0.1860 -0.0400 -0.1054  0.0000
 513 -0.0293 -0.0689  0.3342 -0.2381 -0.0790  0.0000
 613 -0.0162 -0.0425 -0.3956 -0.2649  0.0787  0.0000
 713  0.0427 -0.1218 -0.2137 -0.1078 -0.1049  0.0000
 813  0.0615  0.1264  0.3235  0.2662 -0.2019  0.0000
-114 -0.2219  0.0148 -0.3182 -0.1493 -0.1509  0.0000
-814 -0.0305 -0.0356  0.0538  0.0251 -0.1332  0.0000
 114 -0.1422 -0.0909 -0.2421 -0.0694  0.0530  0.0000
 214  0.2361  0.0546  0.0794  0.0958 -0.1352  0.0000
 314  0.0629  0.1146  0.2330 -0.0001 -0.0927  0.0000
 614 -0.0120  0.1022 -0.3915 -0.0695  0.3877  0.0000
 714  0.0971  0.0073 -0.3469  0.1130  0.3432  0.0000
 814  0.0277  0.0363  0.1971  0.0743 -0.0779  0.0000
-115 -0.2503  0.0393 -0.3259 -0.0796 -0.1650  0.0000
-815 -0.1062  0.0788  0.0369 -0.0983 -0.0923  0.0000
 115  0.0173 -0.0830 -0.2989 -0.0109  0.1318  0.0000
 215  0.1113  0.0577  0.0656  0.1328 -0.3080  0.0000
 715  0.0345 -0.0546 -0.2373  0.0711  0.5458  0.0000
 815  0.0495 -0.0464  0.2119 -0.0522 -0.1934  0.0000
