Plane1
 0 0 56.14
1 0 0 
0 1 0 
0 0 1 
 0 0 0
1 0 0 
0 1 0 
0 0 1 
1 0 15
Plane2
 0 0 27.53
1 0 0 
0 1 0 
0 0 1 
 0 0 0
1 0 0 
0 1 0 
0 0 1 
2 15 15
Plane3
 0 0 0
1 0 0 
0 1 0 
0 0 1 
 0 0 0
1 0 0 
0 1 0 
0 0 1 
3 15 15
Plane4
 0 0 -27.53
1 0 0 
0 1 0 
0 0 1 
 0 0 0
1 0 0 
0 1 0 
0 0 1 
4 15 15
Plane5
 0 0 -56.14
1 0 0 
0 1 0 
0 0 1 
 0 0 0
1 0 0 
0 1 0 
0 0 1 
5 15 0
L10AO148
 -41.3534 -54.631 3.08
1 0 0 
0 1 0 
0 0 1 
 -0.0232377 0.0142006 0.00355496
1 0.00033972 -7.7582e-05 
-0.00033972 1 2.9026e-08 
7.7582e-05 -2.66982e-09 1 
-815  611  10
L12AO106
 -47.5634 -47.331 3.08
1 0 0 
0 1 0 
0 0 1 
 -0.0146554 0.00269059 0.00804305
1 9.98014e-05 -9.60074e-05 
-9.98014e-05 1 2.10649e-08 
9.60074e-05 -1.14832e-08 1 
-814  606  12
L13AO074
 -53.7734 -40.031 3.08
1 0 0 
0 1 0 
0 0 1 
 -0.0197774 0.0103047 0.0151393
1 0.000324271 -5.34129e-06 
-0.000324271 1 -1.82519e-08 
5.34129e-06 1.99839e-08 1 
-813  610  13
L14AO124
 -57.9134 -32.731 3.08
1 0 0 
0 1 0 
0 0 1 
 -0.0265552 0.00632258 0.0204098
1 0.000152556 6.18861e-05 
-0.000152556 1 -1.64405e-08 
-6.18861e-05 6.99939e-09 1 
-812  623  14
L14AO122
 -59.9834 -25.431 3.08
1 0 0 
0 1 0 
0 0 1 
 -0.0231578 -0.00341091 0.0200794
1 -0.000185862 7.46249e-05 
0.000185862 1 2.22985e-08 
-7.46249e-05 -8.42864e-09 1 
-811  618  14
L15AO095
 -62.0534 -18.131 3.08
1 0 0 
0 1 0 
0 0 1 
 -0.0153545 0.0131914 0.0175891
1 0.000120894 -3.71979e-05 
-0.000120894 1 -1.33203e-08 
3.71979e-05 1.78173e-08 1 
-810  622  15
L15AP110
 -62.0534 -10.831 3.08
1 0 0 
0 1 0 
0 0 1 
 -0.0154664 -0.00718148 0.0205348
1 -0.000248445 -3.51971e-05 
0.000248445 1 2.63641e-08 
3.51971e-05 -3.51085e-08 1 
-809  601  15
L15AO097
 -62.0534 -3.531 3.08
1 0 0 
0 1 0 
0 0 1 
 -0.022518 0.0119927 0.0202956
1 0.000141323 -0.000134841 
-0.000141323 1 -9.13346e-09 
0.000134841 2.81898e-08 1 
-808  604  15
L15AP098
 -62.0534 3.769 3.08
1 0 0 
0 1 0 
0 0 1 
 -0.0183453 0.00780376 0.024297
1 -5.98318e-05 -1.70029e-05 
5.98318e-05 1 2.93426e-09 
1.70029e-05 -3.95157e-09 1 
-807  600  15
L15AO175
 -62.0534 11.069 3.08
1 0 0 
0 1 0 
0 0 1 
 -0.0134203 -0.000660373 0.0266357
1 -0.00020248 6.56609e-05 
0.00020248 1 6.82337e-09 
-6.56609e-05 6.47178e-09 1 
-806  522  15
L14AO120
 -59.9834 18.369 3.08
1 0 0 
0 1 0 
0 0 1 
 -0.00845074 0.00667614 0.0340322
1 0.000144035 0.000261959 
-0.000144035 1 -3.77033e-09 
-0.000261959 -3.39605e-08 1 
-805  518  14
L14AO119
 -57.9134 25.669 3.08
1 0 0 
0 1 0 
0 0 1 
 -0.0196665 0.0155463 0.033966
1 6.37837e-05 0.000255329 
-6.37837e-05 1 -9.4572e-09 
-0.000255329 -6.82866e-09 1 
-804  523  14
L13AO026
 -53.7734 32.969 3.08
1 0 0 
0 1 0 
0 0 1 
 -0.0171036 0.0110236 0.0347394
1 0.00025267 0.000269518 
-0.00025267 1 -5.15749e-08 
-0.000269518 -1.65244e-08 1 
-803  500  13
L12AO105
 -47.5634 40.269 3.08
1 0 0 
0 1 0 
0 0 1 
 -0.0128112 0.0143963 0.030309
1 -6.12723e-05 0.000206239 
6.12723e-05 1 -1.03348e-07 
-0.000206239 1.15984e-07 1 
-802  508  12
L10AO144
 -41.3534 47.569 3.08
1 0 0 
0 1 0 
0 0 1 
 -0.0213397 0.0164887 0.0327799
1 0.000203065 0.000332333 
-0.000203065 1 -1.55257e-07 
-0.000332333 8.77722e-08 1 
-801  501  10
L09PI010
 -37.2134 -29.319 -1.698
1 0 0 
0 -1 0 
0 0 -1 
 0.00333246 -0.00785304 -0.00919131
1 0.000210918 0.000384623 
-0.000210918 1 -8.15798e-09 
-0.000384623 -7.29657e-08 1 
-713  602  9
L11AI142
 -43.4234 -22.019 -1.698
1 0 0 
0 -1 0 
0 0 -1 
 -0.00357761 -0.000733904 -0.00577956
1 9.34008e-05 0.000545997 
-9.34008e-05 1 -8.99008e-09 
-0.000545997 -4.20066e-08 1 
-712  614  11
L11AI134
 -47.5634 -14.719 -1.698
1 0 0 
0 -1 0 
0 0 -1 
 0.00219161 7.1175e-05 -0.00410784
1 0.00023424 0.000629155 
-0.00023424 1 -1.42332e-08 
-0.000629155 -1.33141e-07 1 
-711  612  11
L12AI130
 -49.6334 -7.419 -1.698
1 0 0 
0 -1 0 
0 0 -1 
 0.00681386 0.00853618 -0.00937631
1 0.000285937 0.00048364 
-0.000285937 1 -1.10767e-08 
-0.00048364 -1.27213e-07 1 
-710  620  12
L12AJ056
 -49.6194 -0.119 -1.698
1 0 0 
0 -1 0 
0 0 -1 
 0.0012629 0.00477628 -0.00895845
1 0.000104062 0.000472583 
-0.000104062 1 -6.26657e-09 
-0.000472583 -4.29114e-08 1 
-709  608  12
L12AI007
 -49.6334 7.181 -1.698
1 0 0 
0 -1 0 
0 0 -1 
 0.0009247 -0.0085996 -0.00576045
1 -0.000164828 0.000500462 
0.000164828 1 1.36058e-08 
-0.000500462 6.88849e-08 1 
-707  510  12
L12AJ020
 -49.6194 14.481 -1.698
1 0 0 
0 -1 0 
0 0 -1 
 -0.00757121 0.00454691 -0.00319956
1 0.000176948 0.00055917 
-0.000176948 1 -1.60116e-08 
-0.00055917 -8.2933e-08 1 
-706  502  12
L11AI088
 -47.5634 21.781 -1.698
1 0 0 
0 -1 0 
0 0 -1 
 -0.00248064 0.00460295 -0.000554392
1 4.1849e-05 0.000640706 
-4.1849e-05 1 -2.29572e-09 
-0.000640706 -2.45172e-08 1 
-705  514  11
L11AI128
 -43.4234 29.081 -1.698
1 0 0 
0 -1 0 
0 0 -1 
 -0.000981265 0.00303932 0.000460626
1 8.59575e-05 0.000595306 
-8.59575e-05 1 -5.77266e-09 
-0.000595306 -4.53984e-08 1 
-704  512  11
L09AI103
 -37.2134 36.381 -1.698
1 0 0 
0 -1 0 
0 0 -1 
 0.00735135 0.0132644 -0.00722896
1 0.000341346 0.000441035 
-0.000341346 1 -3.35079e-08 
-0.000441035 -1.17038e-07 1 
-703  520  9
L14AI040
 -28.9334 43.681 -1.698
1 0 0 
0 -1 0 
0 0 -1 
 0.00524912 -0.00295412 -0.0210763
1 -0.000128908 -0.000145691 
0.000128908 1 4.46592e-09 
0.000145691 -2.32465e-08 1 
-702  509  14
L07PI003
 -14.4064 50.981 -1.698
1 0 0 
0 -1 0 
0 0 -1 
 0.00850952 -0.00024648 -0.0256637
1 -5.17866e-05 -0.000729756 
5.17866e-05 1 -7.18128e-08 
0.000729756 3.40212e-08 1 
-701  504  7
L09GI012
 -37.2134 -36.381 2.318
1 0 0 
0 1 0 
0 0 1 
 0.00643802 0.0139691 -0.0167232
1 -0.000115761 0.000381013 
0.000115761 1 8.47542e-11 
-0.000381013 4.40216e-08 1 
-613  607  9
L11AI104
 -43.4234 -29.081 2.318
1 0 0 
0 1 0 
0 0 1 
 0.00543543 0.0248683 -0.0240305
1 0.000240105 0.00025154 
-0.000240105 1 -1.32966e-08 
-0.00025154 -4.70996e-08 1 
-612  619  11
L11AI141
 -47.5634 -21.781 2.318
1 0 0 
0 1 0 
0 0 1 
 0.00555852 0.0305415 -0.0280294
1 0.000267271 0.000217449 
-0.000267271 1 -2.32726e-08 
-0.000217449 -3.48453e-08 1 
-611  613  11
L12SI170
 -49.6334 -14.481 2.318
1 0 0 
0 1 0 
0 0 1 
 0.00841574 0.0098946 -0.0270875
1 -0.000215621 0.000374306 
0.000215621 1 1.45671e-08 
-0.000374306 6.61414e-08 1 
-610  617  12
L12AH028
 -49.6194 -7.181 2.318
1 0 0 
0 1 0 
0 0 1 
 -0.00870872 -0.00442892 -0.025707
1 0.000218319 0.000339772 
-0.000218319 1 -1.24669e-08 
-0.000339772 -6.17114e-08 1 
-609  605  12
L12AI067
 -49.6334 0.119 2.318
1 0 0 
0 1 0 
0 0 1 
 -0.00361662 0.0156795 -0.0259733
1 -3.71654e-05 0.000396247 
3.71654e-05 1 3.87673e-09 
-0.000396247 1.08499e-08 1 
-607  511  12
L12AH030
 -49.6264 7.419 2.318
1 0 0 
0 1 0 
0 0 1 
 -0.00646282 0.0297083 -0.0237113
1 0.00031947 0.000373005 
-0.00031947 1 -1.84112e-08 
-0.000373005 -1.00753e-07 1 
-606  507  12
L11GI001
 -47.5634 14.719 2.318
1 0 0 
0 1 0 
0 0 1 
 0.00934853 -0.00956174 -0.0223893
1 0.000188518 0.00040663 
-0.000188518 1 -6.94859e-09 
-0.00040663 -6.97084e-08 1 
-605  519  11
L11AI084
 -43.4234 22.019 2.318
1 0 0 
0 1 0 
0 0 1 
 0.00391568 -0.00635845 -0.020292
1 0.000250905 0.000366959 
-0.000250905 1 -1.78513e-08 
-0.000366959 -7.42207e-08 1 
-604  513  11
L09AI089
 -37.2134 29.319 2.318
1 0 0 
0 1 0 
0 0 1 
 0.0113594 -0.00781478 -0.0217866
1 0.000321054 0.000301689 
-0.000321054 1 -2.76538e-08 
-0.000301689 -6.92046e-08 1 
-603  517  9
L14AI041
 -28.9194 36.619 2.318
1 0 0 
0 1 0 
0 0 1 
 -0.00132137 -0.0178798 -0.0238343
1 -4.23358e-05 -9.6315e-06 
4.23358e-05 1 6.92079e-11 
9.6315e-06 -4.76966e-10 1 
-602  505  14
L09AI092
 -37.2134 -29.319 -2.318
1 0 0 
0 -1 0 
0 0 -1 
 0.00369317 0.0151393 0.00933736
1 0.000138265 -0.000360926 
-0.000138265 1 -2.36724e-09 
0.000360926 5.22706e-08 1 
-513  603  9
L11AI143
 -43.4234 -22.019 -2.318
1 0 0 
0 -1 0 
0 0 -1 
 0.00199638 0.00516317 0.0148545
1 -0.000123364 -0.000269372 
0.000123364 1 1.00036e-08 
0.000269372 -4.32346e-08 1 
-512  615  11
L11AI086
 -47.5634 -14.719 -2.318
1 0 0 
0 -1 0 
0 0 -1 
 -0.0136402 -0.00812169 0.0168896
1 0.00024003 -0.000162278 
-0.00024003 1 -1.25968e-08 
0.000162278 5.15482e-08 1 
-511  616  11
L12AI017
 -49.6334 -7.419 -2.318
1 0 0 
0 -1 0 
0 0 -1 
 -0.00972477 -0.0143225 0.0157345
1 0.000165143 -0.000196083 
-0.000165143 1 -4.6405e-09 
0.000196083 3.70222e-08 1 
-510  621  12
L12AJ053
 -49.6194 -0.119 -2.318
1 0 0 
0 -1 0 
0 0 -1 
 -0.0139682 -0.0157106 0.0192449
1 0.000109219 -0.000115994 
-0.000109219 1 -7.64045e-10 
0.000115994 1.34329e-08 1 
-509  609  12
L12AI049
 -49.6334 7.181 -2.318
1 0 0 
0 -1 0 
0 0 -1 
 -0.0123991 0.0220828 0.0194977
1 0.000211378 -7.23575e-05 
-0.000211378 1 -9.28381e-09 
7.23575e-05 2.45787e-08 1 
-507  506  12
L12AJ034
 -49.6334 14.481 -2.318
1 0 0 
0 -1 0 
0 0 -1 
 -0.00992214 0.00827244 0.017863
1 -0.000219759 -0.000139072 
0.000219759 1 1.59333e-09 
0.000139072 -3.21557e-08 1 
-506  503  12
L11AI085
 -47.5634 21.781 -2.318
1 0 0 
0 -1 0 
0 0 -1 
 0.00623792 -0.0130154 0.0233005
1 0.000127339 -2.45493e-05 
-0.000127339 1 -5.77893e-09 
2.45493e-05 8.90506e-09 1 
-505  515  11
L11AI087
 -43.4234 29.081 -2.318
1 0 0 
0 -1 0 
0 0 -1 
 0.00474877 -0.0205153 0.0273229
1 0.000133366 0.000107765 
-0.000133366 1 -3.1129e-09 
-0.000107765 -1.12595e-08 1 
-504  516  11
L09AI090
 -37.2134 36.381 -2.318
1 0 0 
0 -1 0 
0 0 -1 
 0.0126694 0.00147599 0.0242687
1 0.000457537 0.000184096 
-0.000457537 1 -2.80045e-08 
-0.000184096 -5.6226e-08 1 
-503  521  9
L09AI076
 -37.2064 -36.381 1.698
1 0 0 
0 1 0 
0 0 1 
 -0.00631159 -0.00764598 0.00023388
1 -7.78398e-05 -0.000323378 
7.78398e-05 1 7.33375e-09 
0.000323378 -3.25054e-08 1 
-413  209  9
L11AI081
 -43.4164 -29.081 1.698
1 0 0 
0 1 0 
0 0 1 
 -0.0160803 0.00593274 0.000242504
1 0.000181154 -0.000294474 
-0.000181154 1 -6.73549e-09 
0.000294474 6.00807e-08 1 
-412  221  11
L11AI083
 -47.5634 -21.781 1.698
1 0 0 
0 1 0 
0 0 1 
 -0.0148297 0.0153822 0.00387071
1 0.000301787 -0.000199647 
-0.000301787 1 -2.07059e-08 
0.000199647 8.09568e-08 1 
-411  218  11
L12AI064
 -49.6194 -14.481 1.698
1 0 0 
0 1 0 
0 0 1 
 -0.0101714 -0.0129689 0.0079056
1 -0.000427427 -6.89201e-05 
0.000427427 1 1.3887e-08 
6.89201e-05 -4.33454e-08 1 
-410  215  12
L12AH059
 -49.6264 -7.181 1.698
1 0 0 
0 1 0 
0 0 1 
 -0.0112227 0.00352371 0.00727156
1 -4.61971e-05 -8.41733e-05 
4.61971e-05 1 4.3333e-10 
8.41733e-05 -4.32189e-09 1 
-409  203  12
L12AI048
 -49.6194 0.119 1.698
1 0 0 
0 1 0 
0 0 1 
 -0.0173358 0.013081 0.00681853
1 0.00024851 -0.000137822 
-0.00024851 1 -4.0824e-09 
0.000137822 3.83326e-08 1 
-407  104  12
L12AH060
 -49.6194 7.419 1.698
1 0 0 
0 1 0 
0 0 1 
 -0.00687227 0.00700461 0.00655771
1 0.000176505 -0.000197658 
-0.000176505 1 -4.85591e-09 
0.000197658 3.97434e-08 1 
-406  109  12
L11AI082
 -47.5494 14.719 1.698
1 0 0 
0 1 0 
0 0 1 
 -0.0200149 0.0109709 0.00241754
1 0.000251678 -0.00032422 
-0.000251678 1 -3.79087e-09 
0.00032422 8.539e-08 1 
-405  121  11
L11GI017
 -43.4234 22.019 1.698
1 0 0 
0 1 0 
0 0 1 
 0.0105636 -0.00483172 0.00903464
1 -0.00013332 -2.88271e-05 
0.00013332 1 2.12968e-09 
2.88271e-05 -5.97289e-09 1 
-404  118  11
L09GI005
 -37.1994 29.319 1.698
1 0 0 
0 1 0 
0 0 1 
 0.00125447 0.0104691 0.00816856
1 0.000266718 -8.10738e-05 
-0.000266718 1 9.4137e-09 
8.10738e-05 1.22102e-08 1 
-403  115  9
L09SI164
 -37.2134 -29.319 -2.318
1 0 0 
0 -1 0 
0 0 -1 
 0.000372194 0.00590607 0.0179698
1 -0.000367914 -0.000206432 
0.000367914 1 1.78591e-08 
0.000206432 -9.3808e-08 1 
-313  205  9
L11AI126
 -43.4234 -22.019 -2.318
1 0 0 
0 -1 0 
0 0 -1 
 -0.00127275 -0.00195821 0.0186626
1 -0.000288489 -0.000149837 
0.000288489 1 1.13718e-08 
0.000149837 -5.45977e-08 1 
-312  217  11
L11SI176
 -47.5634 -14.719 -2.318
1 0 0 
0 -1 0 
0 0 -1 
 0.00044695 0.000683156 0.0215949
1 -0.000294733 -9.19516e-05 
0.000294733 1 2.41491e-09 
9.19516e-05 -2.9516e-08 1 
-311  223  11
L12SI182
 -49.6334 -7.419 -2.318
1 0 0 
0 -1 0 
0 0 -1 
 0.0062732 -0.010316 0.0277386
1 -0.000315965 4.00502e-05 
0.000315965 1 -2.52679e-09 
-4.00502e-05 1.51813e-08 1 
-310  219  12
L12AJ054
 -49.6194 -0.119 -2.318
1 0 0 
0 -1 0 
0 0 -1 
 0.00209222 -0.00340583 0.0235036
1 -0.000402869 -4.44327e-06 
0.000402869 1 1.47933e-08 
4.44327e-06 -1.65834e-08 1 
-309  207  12
L12AJ038
 -49.6334 7.181 -2.318
1 0 0 
0 -1 0 
0 0 -1 
 0.0101211 -0.0203729 0.0293546
1 -0.000113345 9.79114e-05 
0.000113345 1 -8.86688e-11 
-9.79114e-05 1.11864e-08 1 
-307  101  12
L12AJ055
 -49.6194 14.481 -2.318
1 0 0 
0 -1 0 
0 0 -1 
 0.00144667 -0.0123715 0.0269589
1 1.10869e-06 9.88675e-05 
-1.10869e-06 1 5.08658e-11 
-9.88675e-05 -1.6048e-10 1 
-306  105  12
L11AI140
 -47.5634 21.781 -2.318
1 0 0 
0 -1 0 
0 0 -1 
 0.0106727 -0.00700957 0.0268275
1 0.000222869 0.000135737 
-0.000222869 1 -5.97588e-09 
-0.000135737 -2.42756e-08 1 
-305  117  11
L11AI127
 -43.4234 29.081 -2.318
1 0 0 
0 -1 0 
0 0 -1 
 0.00520692 -0.0215576 0.0283997
1 -0.000186648 0.000321474 
0.000186648 1 -1.77907e-09 
-0.000321474 6.17817e-08 1 
-304  123  11
L09AI139
 -37.2134 36.381 -2.318
1 0 0 
0 -1 0 
0 0 -1 
 0.00788493 -0.0126926 0.0235402
1 8.73321e-05 0.00033899 
-8.73321e-05 1 -1.55885e-09 
-0.00033899 -2.80458e-08 1 
-303  119  9
L14AI032
 -28.9334 43.681 -2.318
1 0 0 
0 -1 0 
0 0 -1 
 0.0105986 -0.00950944 0.0113932
1 8.31604e-05 0.000240648 
-8.31604e-05 1 4.83865e-09 
-0.000240648 -2.48513e-08 1 
-302  107  14
L09GI010
 -37.1994 -36.381 1.698
1 0 0 
0 1 0 
0 0 1 
 -0.00920668 -0.00238948 -0.0130704
1 0.000283354 -0.000271441 
-0.000283354 1 -1.95132e-08 
0.000271441 9.64271e-08 1 
-213  208  9
L11GI016
 -43.4094 -29.081 1.698
1 0 0 
0 1 0 
0 0 1 
 -0.011703 0.00116955 -0.0121733
1 0.0001056 -0.000281541 
-0.0001056 1 -2.89345e-09 
0.000281541 3.26242e-08 1 
-212  220  11
L11GI009
 -47.5494 -21.781 1.698
1 0 0 
0 1 0 
0 0 1 
 -0.0121145 -0.00708839 -0.00938505
1 -0.000302962 -0.000110576 
0.000302962 1 -8.1241e-09 
0.000110576 -2.53762e-08 1 
-211  222  11
L12AI005
 -49.6194 -14.481 1.698
1 0 0 
0 1 0 
0 0 1 
 -0.00832408 -0.00166517 -0.00456543
1 -0.000254753 -9.68506e-05 
0.000254753 1 -3.90841e-09 
9.68506e-05 -2.07645e-08 1 
-210  214  12
L12AH029
 -49.6194 -7.181 1.698
1 0 0 
0 1 0 
0 0 1 
 -0.00693981 0.00829824 -0.00806741
1 0.000357632 1.04017e-05 
-0.000357632 1 -6.79743e-09 
-1.04017e-05 3.07745e-09 1 
-209  202  12
L12AI004
 -49.6194 0.119 1.698
1 0 0 
0 1 0 
0 0 1 
 -0.00237582 -0.00515877 -0.00534303
1 -0.000261788 -1.06332e-05 
0.000261788 1 -3.84715e-09 
1.06332e-05 1.06349e-09 1 
-207  100  12
L12AH024
 -49.6194 7.419 1.698
1 0 0 
0 1 0 
0 0 1 
 -0.000577247 -0.00393426 -0.00344516
1 -5.42465e-05 -3.47581e-05 
5.42465e-05 1 2.08354e-10 
3.47581e-05 -2.09386e-09 1 
-206  108  12
L11GI008
 -47.5494 14.719 1.698
1 0 0 
0 1 0 
0 0 1 
 -0.00900084 -0.00614327 0.000278957
1 0.000137346 0.000117765 
-0.000137346 1 6.01535e-09 
-0.000117765 -2.219e-08 1 
-205  120  11
L11GI004
 -43.4094 22.019 1.698
1 0 0 
0 1 0 
0 0 1 
 0.00404279 -0.0139286 -0.000590433
1 -0.000559606 0.000158364 
0.000559606 1 -9.73579e-10 
-0.000158364 8.95958e-08 1 
-204  122  11
L09GI003
 -37.1994 29.319 1.698
1 0 0 
0 1 0 
0 0 1 
 -0.0027383 -0.0093055 0.00115562
1 -6.21777e-05 0.000240077 
6.21777e-05 1 2.00543e-09 
-0.000240077 1.2922e-08 1 
-203  114  9
L14AI031
 -28.9194 36.619 1.698
1 0 0 
0 1 0 
0 0 1 
 0.0047401 -0.00839836 0.00048922
1 -0.000236683 0.00023233 
0.000236683 1 -1.90185e-08 
-0.00023233 7.40072e-08 1 
-202  103  14
L07PI002
 -14.4064 43.919 1.698
1 0 0 
0 1 0 
0 0 1 
 -8.46257e-06 0.010007 -0.00210105
1 0.000196297 0.00035567 
-0.000196297 1 3.72439e-08 
-0.00035567 -1.07061e-07 1 
-201  106  7
L10AO145
 -41.3534 -47.569 -3.08
1 0 0 
0 -1 0 
0 0 -1 
 -0.0163525 -0.00125415 -0.031325
1 -9.22919e-05 -0.000291078 
9.22918e-05 1 -2.3874e-08 
0.000291078 -2.99008e-09 1 
-115  201  10
L12AO107
 -47.5634 -40.269 -3.08
1 0 0 
0 -1 0 
0 0 -1 
 -0.0144439 -0.00095654 -0.0375243
1 0.000138012 -0.000425634 
-0.000138012 1 7.40368e-09 
0.000425634 5.13388e-08 1 
-114  204  12
L13AO114
 -53.7734 -32.969 -3.08
1 0 0 
0 -1 0 
0 0 -1 
 -0.0202595 -0.00361756 -0.0345112
1 -0.000237138 -0.000243685 
0.000237138 1 9.73757e-09 
0.000243685 -6.75244e-08 1 
-113  200  13
L14AO160
 -57.9134 -25.669 -3.08
1 0 0 
0 -1 0 
0 0 -1 
 -0.0129289 -0.0110149 -0.0286525
1 -0.000521278 -0.00019548 
0.000521278 1 1.15636e-07 
0.00019548 -2.17535e-07 1 
-112  213  14
L14AO159
 -59.9834 -18.369 -3.08
1 0 0 
0 -1 0 
0 0 -1 
 -0.020864 -0.0181011 -0.0274286
1 -0.000377184 -0.000199774 
0.000377184 1 2.6189e-08 
0.000199774 -1.0154e-07 1 
-111  216  14
L15AO093
 -62.0534 -11.069 -3.08
1 0 0 
0 -1 0 
0 0 -1 
 -0.0194775 -0.0140118 -0.0202322
1 -7.0972e-05 -7.85141e-05 
7.0972e-05 1 -4.31583e-10 
7.85141e-05 -5.14071e-09 1 
-110  212  15
L15AN100
 -62.0534 -3.769 -3.08
1 0 0 
0 -1 0 
0 0 -1 
 -0.0184458 -0.0149339 -0.0174336
1 -0.000506294 -3.51056e-05 
0.000506294 1 2.10445e-08 
3.51056e-05 -3.88183e-08 1 
-109  211  15
L15AO173
 -62.0534 3.531 -3.08
1 0 0 
0 -1 0 
0 0 -1 
 -0.0211921 -0.00513687 -0.0182902
1 -0.000266424 -0.000100722 
0.000266424 1 -2.24584e-09 
0.000100722 -2.45889e-08 1 
-108  206  15
L15AN101
 -62.0534 10.831 -3.08
1 0 0 
0 -1 0 
0 0 -1 
 -0.0222333 -0.00428944 -0.0184409
1 -0.000473125 -0.000106566 
0.000473125 1 5.57754e-08 
0.000106566 -1.06194e-07 1 
-107  210  15
L15SO180
 -62.0534 18.131 -3.08
1 0 0 
0 -1 0 
0 0 -1 
 -0.0182229 -0.0142436 -0.0159363
1 -0.000446746 -8.00218e-05 
0.000446746 1 -6.02001e-08 
8.00219e-05 2.44507e-08 1 
-106  112  15
L14AO125
 -59.9834 25.431 -3.08
1 0 0 
0 -1 0 
0 0 -1 
 -0.0259057 -0.0153052 -0.0179253
1 -0.000391143 -0.00017663 
0.000391143 1 -4.50961e-09 
0.00017663 -6.45779e-08 1 
-105  116  14
L14AO123
 -57.9134 32.731 -3.08
1 0 0 
0 -1 0 
0 0 -1 
 -0.0235762 -0.0028995 -0.0164113
1 -0.000240036 -0.000213395 
0.000240036 1 -3.75483e-08 
0.000213395 -1.36742e-08 1 
-104  113  14
L13AO073
 -53.7734 40.031 -3.08
1 0 0 
0 -1 0 
0 0 -1 
 -0.0229065 -0.00275871 -0.0124214
1 -0.000225288 -0.000126279 
0.000225288 1 -1.5088e-08 
0.000126279 -1.3361e-08 1 
-103  110  13
L12SO181
 -47.5634 47.331 -3.08
1 0 0 
0 -1 0 
0 0 -1 
 -0.0217236 -0.0101035 -0.0127121
1 -0.0002222 -0.000226927 
0.0002222 1 1.3064e-08 
0.000226927 -6.34874e-08 1 
-102  102  12
L10AO151
 -41.3534 54.631 -3.08
1 0 0 
0 -1 0 
0 0 -1 
 -0.030986 -0.00685113 -0.00340808
1 -0.000243665 -0.000190331 
0.000243665 1 1.70579e-08 
0.000190331 -6.3435e-08 1 
-101  111  10
L10AO149
 41.3534 47.569 -3.08
-1 0 0 
0 1 0 
0 0 -1 
 -0.0038591 0.0111355 -0.0106476
1 0.000270896 0.000281483 
-0.000270896 1 -2.41462e-08 
-0.000281483 -5.21063e-08 1 
101  1  10
L11AO154
 47.5634 40.269 -3.08
-1 0 0 
0 1 0 
0 0 -1 
 -0.0107103 0.0114112 -0.0160458
1 0.000147692 0.000313463 
-0.000147692 1 3.05142e-08 
-0.000313463 -7.68102e-08 1 
102  4  11
L13AO071
 53.7734 32.969 -3.08
-1 0 0 
0 1 0 
0 0 -1 
 -0.00567409 0.0196159 -0.0201071
1 -0.000172072 0.00023818 
0.000172072 1 -7.40028e-09 
-0.00023818 4.83842e-08 1 
103  0  13
L14AO156
 57.9134 25.669 -3.08
-1 0 0 
0 1 0 
0 0 -1 
 -0.0101047 0.0269477 -0.0198107
1 -0.000354988 0.000293008 
0.000354988 1 -1.27391e-08 
-0.000293008 1.16752e-07 1 
104  13  14
L15AO163
 59.9834 18.369 -3.08
-1 0 0 
0 1 0 
0 0 -1 
 0.000402635 0.0187713 -0.0176807
1 -0.000330434 0.000120534 
0.000330434 1 -1.13627e-08 
-0.000120534 5.11911e-08 1 
105  16  15
L15AN113
 62.0534 11.069 -3.08
-1 0 0 
0 1 0 
0 0 -1 
 -0.000910166 0.0170649 -0.0170308
1 -0.000448061 9.74662e-05 
0.000448061 1 -3.4198e-08 
-9.74662e-05 7.7869e-08 1 
106  12  15
L15AO177
 62.0534 3.769 -3.08
-1 0 0 
0 1 0 
0 0 -1 
 -0.00150403 0.0194149 -0.0151902
1 -0.000208173 6.33343e-05 
0.000208173 1 9.6313e-10 
-6.33343e-05 1.22214e-08 1 
107  11  15
L15AP109
 62.0534 -3.531 -3.08
-1 0 0 
0 1 0 
0 0 -1 
 -0.00557087 0.0214311 -0.0145601
1 -0.000503738 -6.63241e-06 
0.000503738 1 -3.37544e-08 
6.63241e-06 3.04135e-08 1 
108  6  15
L15AO174
 62.0534 -10.831 -3.08
-1 0 0 
0 1 0 
0 0 -1 
 0.00336701 0.0181539 -0.018142
1 -0.000407473 9.06963e-05 
0.000407473 1 8.70513e-09 
-9.06963e-05 2.82512e-08 1 
109  10  15
L15AP099
 62.0534 -18.131 -3.08
-1 0 0 
0 1 0 
0 0 -1 
 0.0027177 0.0214146 -0.0194937
1 -0.000146157 1.67247e-05 
0.000146157 1 1.06445e-08 
-1.67247e-05 -8.20014e-09 1 
110  312  15
L15AO115
 59.9834 -25.431 -3.08
-1 0 0 
0 1 0 
0 0 -1 
 0.00419013 0.0271309 -0.023619
1 -0.000531253 7.75782e-05 
0.000531253 1 5.59932e-08 
-7.75782e-05 -1.47795e-08 1 
111  316  15
L14AO158
 57.9134 -32.731 -3.08
-1 0 0 
0 1 0 
0 0 -1 
 -0.00263748 0.0252053 -0.0272282
1 -0.000355578 0.000217836 
0.000355578 1 -8.84053e-09 
-0.000217836 8.62984e-08 1 
112  313  14
L13AO025
 53.7734 -40.031 -3.08
-1 0 0 
0 1 0 
0 0 -1 
 0.00768776 0.0276295 -0.0308422
1 -0.000472828 0.000153943 
0.000472828 1 -1.95757e-08 
-0.000153943 9.23646e-08 1 
113  310  13
L11AO153
 47.5634 -47.331 -3.08
-1 0 0 
0 1 0 
0 0 -1 
 -0.00590176 0.00402116 -0.0246453
1 -5.91043e-05 7.23824e-05 
5.91043e-05 1 -2.32571e-09 
-7.23824e-05 6.60384e-09 1 
114  302  11
L10AO150
 41.3534 -54.631 -3.08
-1 0 0 
0 1 0 
0 0 -1 
 0.0115879 0.00576551 -0.034288
1 -0.000173973 0.000256474 
0.000173973 1 -3.5423e-09 
-0.000256474 4.81621e-08 1 
115  311  10
L09GI006
 37.1994 36.381 1.698
-1 0 0 
0 -1 0 
0 0 1 
 0.0212501 0.0014421 -0.0118668
1 -3.4307e-05 2.53043e-05 
3.4307e-05 1 1.19668e-09 
-2.53043e-05 -3.28562e-10 1 
203  8  9
L10PI005
 43.4094 29.081 1.698
-1 0 0 
0 -1 0 
0 0 1 
 0.013501 0.00210115 -0.013092
1 0.0001149 0.000109251 
-0.0001149 1 -8.84845e-10 
-0.000109251 -1.16681e-08 1 
204  20  10
L12AI001
 47.5494 21.781 1.698
-1 0 0 
0 -1 0 
0 0 1 
 0.00788334 0.0170231 -0.011269
1 -0.000407845 0.000114875 
0.000407845 1 -1.05776e-08 
-0.000114875 5.74289e-08 1 
205  23  12
L12AH057
 49.6194 14.481 1.698
-1 0 0 
0 -1 0 
0 0 1 
 0.00681084 -0.00696709 -0.0118197
1 0.000206626 0.000158904 
-0.000206626 1 2.09729e-09 
-0.000158904 -3.4931e-08 1 
206  14  12
L12AJ021
 49.6194 7.181 1.698
-1 0 0 
0 -1 0 
0 0 1 
 0.0129435 0.00396198 -0.013776
1 7.12427e-05 0.000220028 
-7.12427e-05 1 5.48685e-10 
-0.000220028 -1.62241e-08 1 
207  2  12
L12AI006
 49.6194 -0.119 1.698
-1 0 0 
0 -1 0 
0 0 1 
 0.00670691 0.00323441 -0.0155626
1 0.000125256 0.000253727 
-0.000125256 1 1.76653e-09 
-0.000253727 -3.35474e-08 1 
209  300  12
L12AJ051
 49.6194 -7.419 1.698
-1 0 0 
0 -1 0 
0 0 1 
 0.00917862 -0.00309483 -0.0130641
1 0.000105876 0.000219684 
-0.000105876 1 6.67524e-10 
-0.000219684 -2.39268e-08 1 
210  308  12
L12AI003
 47.5494 -14.719 1.698
-1 0 0 
0 -1 0 
0 0 1 
 0.00429584 0.0108792 -0.0119328
1 -0.000133752 0.000237454 
0.000133752 1 -2.92e-09 
-0.000237454 3.468e-08 1 
211  320  12
L10GI014
 43.4094 -22.019 1.698
-1 0 0 
0 -1 0 
0 0 1 
 0.0196251 0.0142746 -0.00970065
1 -0.000268336 0.000200874 
0.000268336 1 1.78671e-08 
-0.000200874 3.60346e-08 1 
212  322  10
L09GI013
 37.1994 -29.319 1.698
-1 0 0 
0 -1 0 
0 0 1 
 0.0116557 0.0192987 -0.0036037
1 -0.000453722 4.12269e-05 
0.000453722 1 8.01222e-09 
-4.12269e-05 1.06933e-08 1 
213  314  9
L14AI042
 28.9194 -36.619 1.698
-1 0 0 
0 -1 0 
0 0 1 
 0.0161755 0.00466502 0.00946192
1 -0.000137619 -0.000302409 
0.000137619 1 5.84192e-09 
0.000302409 -4.74591e-08 1 
214  303  14
L07PI004
 14.4064 -43.919 1.698
-1 0 0 
0 -1 0 
0 0 1 
 0.00306451 0.00601734 0.00534433
1 -0.000231129 -0.000498704 
0.000231129 1 -2.00313e-08 
0.000498704 -9.52344e-08 1 
215  306  7
L09GI011
 37.1994 29.319 -2.318
-1 0 0 
0 1 0 
0 0 -1 
 0.0136126 0.0157133 0.00673015
1 -4.53266e-05 0.000152251 
4.53266e-05 1 -1.82792e-09 
-0.000152251 8.72894e-09 1 
303  5  9
L10PI001
 43.4094 22.019 -2.318
-1 0 0 
0 1 0 
0 0 -1 
 -0.000776458 -0.00796822 0.0101628
1 -0.000212235 9.90502e-05 
0.000212235 1 4.32637e-11 
-9.90502e-05 2.09786e-08 1 
304  17  10
L12AI012
 47.5634 14.719 -2.318
-1 0 0 
0 1 0 
0 0 -1 
 -0.00503442 -0.012399 0.0131406
1 -1.20069e-06 8.92264e-05 
1.20069e-06 1 -1.31729e-10 
-8.92264e-05 2.38862e-10 1 
305  22  12
L12AJ033
 49.6334 7.419 -2.318
-1 0 0 
0 1 0 
0 0 -1 
 0.000457572 -0.00288221 0.0141602
1 -0.000207224 0.000160063 
0.000207224 1 -2.3119e-10 
-0.000160063 3.34001e-08 1 
306  19  12
L12SH169
 49.6334 0.119 -2.318
-1 0 0 
0 1 0 
0 0 -1 
 -0.00336039 -0.0126339 0.0110682
1 -0.000100224 0.000243793 
0.000100224 1 -2.18793e-09 
-0.000243793 2.66218e-08 1 
307  7  12
L12SI167
 49.6334 -7.181 -2.318
-1 0 0 
0 1 0 
0 0 -1 
 0.0103414 -0.0153856 0.0105495
1 5.7781e-05 0.000331995 
-5.7781e-05 1 -1.10885e-09 
-0.000331995 -1.80741e-08 1 
309  301  12
L12AH058
 49.6334 -14.481 -2.318
-1 0 0 
0 1 0 
0 0 -1 
 0.0126702 0.00429383 0.0102021
1 -0.000336025 0.000337527 
0.000336025 1 -3.66972e-09 
-0.000337527 1.17088e-07 1 
310  305  12
L12AI016
 47.5634 -21.781 -2.318
-1 0 0 
0 1 0 
0 0 -1 
 0.00753015 -0.020261 0.0126224
1 0.000613641 0.000334101 
-0.000613641 1 3.38498e-09 
-0.000334101 -2.08402e-07 1 
311  317  12
L10PI008
 43.4234 -29.081 -2.318
-1 0 0 
0 1 0 
0 0 -1 
 0.0177424 0.000683782 0.0146617
1 -0.000259717 0.000319402 
0.000259717 1 4.96262e-09 
-0.000319402 7.79913e-08 1 
312  323  10
L09GI002
 37.1994 -36.381 -2.318
-1 0 0 
0 1 0 
0 0 -1 
 0.0188595 -0.00326733 0.0219213
1 -0.000501487 0.00013807 
0.000501487 1 2.34434e-08 
-0.00013807 4.57972e-08 1 
313  319  9
L14AI044
 28.9334 -43.681 -2.318
-1 0 0 
0 1 0 
0 0 -1 
 -0.000277049 0.01065 0.0246915
1 3.6589e-05 -0.000209127 
-3.6589e-05 1 -2.05684e-09 
0.000209127 9.70859e-09 1 
314  307  14
L09AI075
 37.2064 36.381 1.698
-1 0 0 
0 -1 0 
0 0 1 
 0.0207101 0.00778231 0.012379
1 -0.000107876 2.86282e-05 
0.000107876 1 -6.66217e-09 
-2.86282e-05 9.75047e-09 1 
403  9  9
L10AI079
 43.4094 29.081 1.698
-1 0 0 
0 -1 0 
0 0 1 
 0.0248137 0.00300371 0.00624046
1 -0.000104524 0.000152602 
0.000104524 1 -6.17261e-09 
-0.000152602 2.21233e-08 1 
404  21  10
L12AI015
 47.5494 21.781 1.698
-1 0 0 
0 -1 0 
0 0 1 
 0 0 0
1 0 0 
0 1 0 
0 0 1 
405  18  12
L12AH061
 49.6194 14.481 1.698
-1 0 0 
0 -1 0 
0 0 1 
 0.0174291 -0.0151554 0.0120177
1 0.000374629 7.30407e-05 
-0.000374629 1 -2.61959e-09 
-7.30407e-05 -2.47435e-08 1 
406  15  12
L12AJ018
 49.6194 7.181 1.698
-1 0 0 
0 -1 0 
0 0 1 
 0.0167271 -0.00278572 0.0141382
1 1.37796e-05 -2.60739e-05 
-1.37796e-05 1 6.14561e-12 
2.60739e-05 3.53143e-10 1 
407  3  12
L12AI063
 49.6194 -0.119 1.698
-1 0 0 
0 -1 0 
0 0 1 
 0.00636656 -0.019763 0.0123765
1 0.000529053 9.67428e-06 
-0.000529053 1 8.70897e-09 
-9.67428e-06 -1.38272e-08 1 
409  304  12
L12AJ019
 49.6194 -7.419 1.698
-1 0 0 
0 -1 0 
0 0 1 
 0.00848915 -0.0156088 0.0230928
1 0.000460201 -0.000218065 
-0.000460201 1 2.97702e-09 
0.000218065 9.73767e-08 1 
410  309  12
L12AI065
 47.5494 -14.719 1.698
-1 0 0 
0 -1 0 
0 0 1 
 -0.0035951 -0.010797 0.013378
1 0.000171375 -4.33341e-05 
-0.000171375 1 5.9619e-09 
4.33341e-05 1.4645e-09 1 
411  321  12
L10GI015
 43.4094 -22.019 1.698
-1 0 0 
0 -1 0 
0 0 1 
 0.00618638 -0.0176113 0.0175184
1 0.000210181 -0.000137235 
-0.000210181 1 1.43936e-09 
0.000137235 2.74051e-08 1 
412  318  10
L09AI077
 37.2064 -29.319 1.698
-1 0 0 
0 -1 0 
0 0 1 
 0.0045678 -0.00201145 0.0184622
1 0.000107173 -0.000170595 
-0.000107173 1 -3.1737e-09 
0.000170595 2.14568e-08 1 
413  315  9
L09AI138
 37.2094 29.319 -2.318
-1 0 0 
0 1 0 
0 0 -1 
 0.0140289 -0.0026055 0.0213813
1 -0.000193563 -4.35626e-05 
0.000193563 1 -2.09475e-08 
4.35626e-05 1.25153e-08 1 
503  403  9
L10PI009
 43.4234 22.019 -2.318
-1 0 0 
0 1 0 
0 0 -1 
 -0.00308904 -0.0268976 0.024417
1 0.00024576 -9.77045e-05 
-0.00024576 1 1.75858e-08 
9.77045e-05 6.42605e-09 1 
504  415  10
L12AI132
 47.5634 14.719 -2.318
-1 0 0 
0 1 0 
0 0 -1 
 -0.0024243 -0.015838 0.0271433
1 6.82077e-05 -5.69821e-05 
-6.82077e-05 1 -2.00673e-09 
5.69821e-05 5.89334e-09 1 
505  416  12
L12AJ022
 49.6194 7.419 -2.318
-1 0 0 
0 1 0 
0 0 -1 
 0.0103558 0.0102233 0.0354738
1 9.51937e-05 -0.000347628 
-9.51937e-05 1 5.96962e-10 
0.000347628 3.24951e-08 1 
506  421  12
L12AH035
 49.6334 0.119 -2.318
-1 0 0 
0 1 0 
0 0 -1 
 0.0115334 0.0146742 0.0400908
1 0.000103809 -0.000378987 
-0.000103809 1 3.97056e-10 
0.000378987 3.8945e-08 1 
507  409  12
L12AI131
 49.6334 -7.181 -2.318
-1 0 0 
0 1 0 
0 0 -1 
 -0.00300457 -0.0149983 0.0317878
1 -0.00011871 -7.48273e-05 
0.00011871 1 2.54749e-09 
7.48273e-05 -1.14303e-08 1 
509  706  12
L12AH036
 49.6334 -14.481 -2.318
-1 0 0 
0 1 0 
0 0 -1 
 0.00504058 -0.0263701 0.0360985
1 0.00010294 -0.000185131 
-0.00010294 1 -3.30874e-09 
0.000185131 2.23662e-08 1 
510  703  12
L12AI066
 47.5494 -21.781 -2.318
-1 0 0 
0 1 0 
0 0 -1 
 0.00177283 -0.0187271 0.0179551
1 -9.0748e-05 0.000100114 
9.0748e-05 1 -2.1944e-09 
-0.000100114 1.12795e-08 1 
511  715  12
L10PI013
 43.4234 -29.081 -2.318
-1 0 0 
0 1 0 
0 0 -1 
 -0.00726955 0.00998776 0.0402924
1 9.23336e-06 -0.000272662 
-9.23336e-06 1 7.84425e-10 
0.000272662 1.73319e-09 1 
512  716  10
L09AI136
 37.2134 -36.381 -2.318
-1 0 0 
0 1 0 
0 0 -1 
 -0.00316896 -0.00813723 0.0360498
1 0.000446406 -0.000217801 
-0.000446406 1 -1.37344e-08 
0.000217801 1.10963e-07 1 
513  721  9
L09AI135
 37.2134 36.381 2.318
-1 0 0 
0 -1 0 
0 0 1 
 0.00340676 -0.0183981 -0.0279605
1 4.73172e-05 -6.56721e-05 
-4.73172e-05 1 2.36738e-09 
6.56721e-05 7.4004e-10 1 
603  407  9
L10AI080
 43.4234 29.081 2.318
-1 0 0 
0 -1 0 
0 0 1 
 0.00126678 -0.0232529 -0.0219574
1 0.000126797 -0.000395329 
-0.000126797 1 3.26242e-09 
0.000395329 4.68641e-08 1 
604  419  10
L12AH062
 47.5634 21.781 2.318
-1 0 0 
0 -1 0 
0 0 1 
 0.000239806 -0.02177 -0.0217786
1 1.75799e-05 -0.000432688 
-1.75799e-05 1 -2.49961e-10 
0.000432688 7.85656e-09 1 
605  413  12
L12AH037
 49.6334 14.481 2.318
-1 0 0 
0 -1 0 
0 0 1 
 0.00509942 0.0150262 -0.0186129
1 5.2275e-05 -0.000505624 
-5.2275e-05 1 -2.36415e-10 
0.000505624 2.66679e-08 1 
606  417  12
L12AJ023
 49.6264 7.181 2.318
-1 0 0 
0 -1 0 
0 0 1 
 0.0131961 0.0006378 -0.0196841
1 0.000248794 -0.000458833 
-0.000248794 1 4.88e-09 
0.000458833 1.09275e-07 1 
607  405  12
L12SI171
 49.6334 -0.119 2.318
-1 0 0 
0 -1 0 
0 0 1 
 0.0112816 -0.0212047 -0.0224111
1 -2.96052e-05 -0.000521942 
2.96052e-05 1 -4.47643e-10 
0.000521942 -1.50046e-08 1 
609  711  12
L12AJ052
 49.6334 -7.419 2.318
-1 0 0 
0 -1 0 
0 0 1 
 -0.00280448 0.0173138 -0.0233332
1 -7.60375e-05 -0.000441846 
7.60375e-05 1 -3.33086e-09 
0.000441846 -3.0266e-08 1 
610  707  12
L12SI168
 47.5634 -14.719 2.318
-1 0 0 
0 -1 0 
0 0 1 
 -0.00862169 0.0121429 -0.0293705
1 -8.60323e-05 -0.000279513 
8.60323e-05 1 -6.70093e-09 
0.000279513 -1.73462e-08 1 
611  719  12
L10AI078
 43.4164 -22.019 2.318
-1 0 0 
0 -1 0 
0 0 1 
 -0.00471832 0.00701809 -0.0299223
1 7.47688e-05 -0.000274386 
-7.47688e-05 1 3.5469e-09 
0.000274386 1.69686e-08 1 
612  713  10
L09PI012
 37.2134 -29.319 2.318
-1 0 0 
0 -1 0 
0 0 1 
 0.00336155 -0.00457973 -0.0378445
1 0.000493264 1.93034e-05 
-0.000493264 1 7.39355e-08 
-1.93034e-05 -8.34572e-08 1 
613  717  9
L14AI043
 28.9334 -36.619 2.318
-1 0 0 
0 -1 0 
0 0 1 
 0.00311345 0.0099525 -0.0388148
1 0.000145977 0.00051241 
-0.000145977 1 1.562e-09 
-0.00051241 -7.63621e-08 1 
614  705  14
L09AI091
 37.2134 29.319 -1.698
-1 0 0 
0 1 0 
0 0 -1 
 0.013666 -0.001756 -0.0084924
1 -0.000110498 -0.000411399 
0.000110498 1 -5.32195e-09 
0.000411399 -4.01371e-08 1 
703  402  9
L10PI011
 43.4234 22.019 -1.698
-1 0 0 
0 1 0 
0 0 -1 
 0.0147654 0.00538378 -0.00247316
1 0.000139459 -0.000535152 
-0.000139459 1 -8.08946e-10 
0.000535152 7.54411e-08 1 
704  414  10
L12AI133
 47.5634 14.719 -1.698
-1 0 0 
0 1 0 
0 0 -1 
 0.0170827 -0.00178882 -0.00152969
1 -3.05348e-05 -0.000590395 
3.05348e-05 1 -4.641e-10 
0.000590395 -1.75635e-08 1 
705  412  12
L12AJ047
 49.6194 7.419 -1.698
-1 0 0 
0 1 0 
0 0 -1 
 0.0287831 0.00356216 -0.00445195
1 -0.00017131 -0.000542221 
0.00017131 1 -6.1085e-09 
0.000542221 -8.67799e-08 1 
706  420  12
L12AH045
 49.6264 0.119 -1.698
-1 0 0 
0 1 0 
0 0 -1 
 0.0193256 0.00753192 -0.00292605
1 -0.000344626 -0.000638821 
0.000344626 1 -7.89326e-09 
0.000638821 -2.12261e-07 1 
707  408  12
L12AI068
 49.6194 -7.181 -1.698
-1 0 0 
0 1 0 
0 0 -1 
 0.0158564 -0.0162885 -0.00739684
1 6.09888e-05 -0.000483388 
-6.09888e-05 1 2.36448e-10 
0.000483388 2.92448e-08 1 
709  710  12
L12AH046
 49.6264 -14.481 -1.698
-1 0 0 
0 1 0 
0 0 -1 
 0.0147596 0.00604348 -0.00778673
1 -0.000351664 -0.000608436 
0.000351665 1 -1.34297e-08 
0.000608436 -2.00536e-07 1 
710  702  12
L12AI050
 47.5634 -21.781 -1.698
-1 0 0 
0 1 0 
0 0 -1 
 0.015319 -0.00566415 -0.0134002
1 -3.84731e-05 -0.000408186 
3.84731e-05 1 -3.09641e-09 
0.000408186 -1.26078e-08 1 
711  714  12
L10PI007
 43.4164 -29.081 -1.698
-1 0 0 
0 1 0 
0 0 -1 
 0.0219522 -0.010009 -0.0141582
1 9.00418e-05 -0.000455931 
-9.00418e-05 1 7.9764e-09 
0.000455931 3.30763e-08 1 
712  712  10
L09AI102
 37.2134 -36.381 -1.698
-1 0 0 
0 1 0 
0 0 -1 
 0.00989133 -0.0122713 -0.0188864
1 0.000215421 -0.000300428 
-0.000215421 1 2.67481e-08 
0.000300428 3.79704e-08 1 
713  720  9
L14AI039
 28.9334 -43.681 -1.698
-1 0 0 
0 1 0 
0 0 -1 
 0.0149751 -9.37885e-05 -0.0352572
1 -0.000139245 0.000486221 
0.000139245 1 -9.2291e-11 
-0.000486221 6.77967e-08 1 
714  709  14
L07PI006
 14.4204 -50.981 -1.698
-1 0 0 
0 1 0 
0 0 -1 
 0.00889096 -0.00641535 -0.0272913
1 -3.66579e-05 0.000919609 
3.6658e-05 1 9.82718e-08 
-0.000919609 -6.45583e-08 1 
715  704  7
L10AO147
 41.3534 54.631 3.08
-1 0 0 
0 -1 0 
0 0 1 
 -0.00362911 0.00649946 0.0366518
1 9.26272e-05 -0.000435431 
-9.26272e-05 1 7.17464e-09 
0.000435431 3.31582e-08 1 
801  411  10
L11AO155
 47.5634 47.331 3.08
-1 0 0 
0 -1 0 
0 0 1 
 0.000451963 0.00383718 0.0429472
1 0.000332273 -0.000493434 
-0.000332273 1 -1.91276e-08 
0.000493434 1.83082e-07 1 
802  406  11
L13AO072
 53.7734 40.031 3.08
-1 0 0 
0 -1 0 
0 0 1 
 -0.00660468 -0.00247846 0.0435945
1 0.000300195 -0.000379727 
-0.000300195 1 -6.30177e-09 
0.000379727 1.20295e-07 1 
803  410  13
L14AO121
 57.9134 32.731 3.08
-1 0 0 
0 -1 0 
0 0 1 
 0.00600687 0.00619111 0.0425074
1 -6.0295e-05 -0.00038379 
6.0295e-05 1 6.01986e-09 
0.00038379 -2.91605e-08 1 
804  423  14
L15AO116
 59.9834 25.431 3.08
-1 0 0 
0 -1 0 
0 0 1 
 0.0027736 -0.00938734 0.0402255
1 0.000224292 -0.000282143 
-0.000224292 1 2.4365e-08 
0.000282143 3.89175e-08 1 
805  418  15
L15AP112
 62.0534 18.131 3.08
-1 0 0 
0 -1 0 
0 0 1 
 -0.0031991 0.00362394 0.0354461
1 -3.30682e-05 -0.000157701 
3.30682e-05 1 -2.81088e-11 
0.000157701 -5.18677e-09 1 
806  422  15
L15AO162
 62.0534 10.831 3.08
-1 0 0 
0 -1 0 
0 0 1 
 -0.00213012 -0.00174839 0.03756
1 1.53288e-05 -0.000206132 
-1.53288e-05 1 -2.7103e-09 
0.000206132 5.87007e-09 1 
807  401  15
L15AN117
 62.0534 3.531 3.08
-1 0 0 
0 -1 0 
0 0 1 
 0.00147165 -0.00588786 0.0337209
1 7.90615e-05 -0.000143285 
-7.90615e-05 1 5.55106e-09 
0.000143285 5.77724e-09 1 
808  404  15
L15AO096
 62.0534 -3.769 3.08
-1 0 0 
0 -1 0 
0 0 1 
 -0.00175075 0.000317542 0.0340216
1 0.000133482 -0.000188508 
-0.000133482 1 5.37354e-09 
0.000188508 1.97889e-08 1 
809  400  15
L15AN118
 62.0534 -11.069 3.08
-1 0 0 
0 -1 0 
0 0 1 
 -0.00938147 0.0105638 0.0314576
1 -0.000127723 -0.000151645 
0.000127723 1 -1.38397e-08 
0.000151645 -5.5289e-09 1 
810  722  15
L15SO178
 59.9834 -18.369 3.08
-1 0 0 
0 -1 0 
0 0 1 
 -0.00877934 -0.000479992 0.028082
1 0.000176376 -0.000160161 
-0.000176376 1 -2.06411e-08 
0.000160161 4.88896e-08 1 
811  718  15
L14AO157
 57.9134 -25.669 3.08
-1 0 0 
0 -1 0 
0 0 1 
 -0.00495583 0.000677604 0.0314205
1 -4.59487e-05 -0.000196648 
4.59487e-05 1 3.51242e-10 
0.000196648 -9.38697e-09 1 
812  723  14
L13AO111
 53.7734 -32.969 3.08
-1 0 0 
0 -1 0 
0 0 1 
 -0.00350702 0.00996699 0.0378759
1 -0.000380145 -0.000420688 
0.000380145 1 -3.5427e-08 
0.000420688 -1.24496e-07 1 
813  700  13
L11SO165
 47.5634 -40.269 3.08
-1 0 0 
0 -1 0 
0 0 1 
 -0.00697596 -0.00162297 0.0199088
1 -4.60945e-06 -0.000139247 
4.60945e-06 1 7.00316e-10 
0.000139247 -1.34218e-09 1 
814  708  11
L10AO146
 41.3534 -47.569 3.08
-1 0 0 
0 -1 0 
0 0 1 
 -0.00636568 -0.00852905 0.0246356
1 0.000160475 -0.000490896 
-0.000160475 1 1.10925e-08 
0.000490896 6.76839e-08 1 
815  701  10
