# Run Ev_first Ev_last Prio  Path  
897605825 100 1100  1     /Offline/RunsDir/runs/897605825
897607719 652731  6531311 11 /Offline/RunsDir/runs/897607719
897609273 100 1100 2 /Offline/RunsDir/runs/897609273 
897609614 100 1100 3 /Offline/RunsDir/runs/897609614
897611177 100 1100 4 /Offline/RunsDir/runs/897611177
897612211 100 1100 1 /Offline/RunsDir/runs/897612211
897613358 100 1100 5 /Offline/RunsDir/runs/897613358
897614523 100 1100 6 /Offline/RunsDir/runs/897614523
897615232 100 1100 7 /Offline/RunsDir/runs/897615232
897615404 100 1100 8 /Offline/RunsDir/runs/897615404
897616806 100 1100 9 /Offline/RunsDir/runs/897616806
897617100 100 1100 10 /Offline/RunsDir/runs/897617100
897617652 100 200 12 /Offline/RunsDir/runs/897617652
897618971 100 1100 13 /Offline/RunsDir/runs/8888
