7
1
  6
      1 KINE
         1 14
      2 RNDM
         1 -1
         2 -1
      5 CUTS
         1 0.001
	 2 0.001
	 3 0.01
	 4 0.01
	 5 0.01
      3 DEBUG
         1   1
	 2 1000000
	 3 1000
     22 MCGEN
         1 -195.
         2 -195.
         3 -195.
         4  195.
         5  195.
         6  195.
         7 -1.
         8 -1.
         9 -1.
	10  1.
	11  1.
	12  0.
	13  0.1
	14  1000.
	15  0
	18  1
	19  100
	20  5
	21  0
	25  01062008
	27  01012010
	34  0
     6 GMSRC
        1 0
	2 1.46
	3 0.384
	4 0.873
	5 0
	6 0.087
2
  4
    13 TFRE
        3  1
        4  1
        5  0
        6  0
        7  0
        9  0
       13  30.
       14  70.
       15  940.
       16  4.
       17  4.
       28  100
       30  1167606001
     2 TFCA
       21  1.
       29  0
     5 TFMC
        7  0
        8  1
	9  0
       19  1000
       21  1
    11 BETAFIT
        6  1
	7  1
	8  1
	9  1
       10  0
       11  0
       12 50.
       18 15.
       13  3.
       14  3.
       17  0
       
3
  3
     6 ATRE
        1  1
	2  0
	4  0.1
	6  0
	9  0
       10  1167606001
     1 ATCA
        2  0
     4 ATMC
        1  1
	3  14.7
	4  0
	5  1
4
  3
     6 ECRE	
        1  1
	3  0
	9  3.
       13  3.
       34  100
       35  1167606001
     1 ECCA
        2  0
     8 ECMC
        2  1
	3  0.0005
	5  0
	6  58.86
	7  0.853
       11  0.045
       28  0
       29  1
5 
  3
     2 MAGS
        1  -1
	2  0.001
     3 MISC
        2  1
	4  1
	5  0
     2 AMSJOB
	2  0
	6  'Test'
6
  2
     4 IOPA
       43  1
       45  'TriggerLVL1'
      127  0
      128  rootfile
     2 DAQC
        1  1
       42  mcdaqout
7
  1
     21 TGL1
         1 -1
	 2 -1
	 3 -1
	 4 -1
	 5 -1
	 6 -1
	 7 -1
	 8 -1
	 9 -1
	10 -1
	15 -1
	16 -1
	17 2
	14 0.7
	12 4000.
	13 0.3
	18 1167606001
	19 1
	20 11
	21 0
	22 0
	
        
    	
	
	       
       
       
       
              
       
       
